66 4
CCC -0.99297 0.097483 -0.38339 -0.11013 
GGG -0.22036 -0.95299 -0.37182 0.00053038 
GCC -0.75784 -0.30723 -0.41061 -0.0075838 
GGC -0.49401 -0.67867 -0.39982 0.040645 
CCT -0.83097 -0.0079506 0.097951 -0.13859 
</s> -0.37349 -0.29342 -0.047263 -0.31649 
CTC -0.90929 0.02982 0.076226 -0.10266 
CTG -0.4538 -0.42065 0.12132 -0.14212 
CAG -0.35589 -0.29937 -0.32925 -0.34358 
TCC -0.87062 0.02373 0.16199 -0.12377 
AGG -0.05137 -0.65615 -0.38943 -0.35213 
CCA -0.57156 0.11569 -0.28825 -0.47136 
GAG -0.027878 -0.77167 -0.44858 -0.29652 
CCG -0.8853 -0.38887 -0.55159 0.13687 
GGA -0.019621 -0.67783 -0.423 -0.3674 
CGG -0.60737 -0.74492 -0.59378 0.15731 
CGC -0.96246 -0.42463 -0.58695 0.21638 
TGG -0.19714 -0.74074 0.10341 -0.13319 
GCG -0.62875 -0.82055 -0.6499 0.21541 
GCT -0.54545 -0.39821 0.09252 -0.082431 
AGC -0.37008 -0.30157 -0.38885 -0.33241 
CAC -0.6486 0.22866 -0.29683 -0.49472 
TCT -0.63218 -0.059197 0.58826 -0.25779 
TGC -0.52656 -0.36854 0.13297 -0.11846 
TTT -0.24833 -0.12163 1.0533 -0.57776 
GCA -0.2864 -0.34392 -0.35601 -0.37126 
CTT -0.57346 -0.015756 0.58179 -0.34319 
AAA 0.28511 0.016317 -0.060995 -1.2039 
TTC -0.58189 -0.012631 0.6078 -0.34008 
ACC -0.61785 0.1853 -0.28941 -0.48444 
AGA 0.13944 -0.40397 -0.31075 -0.71375 
GTG -0.18894 -0.82841 0.1905 -0.072498 
AAG 0.13928 -0.39475 -0.24235 -0.71709 
GAA 0.1386 -0.41511 -0.24488 -0.70157 
GGT -0.19906 -0.75653 0.16472 -0.11551 
TCA -0.38926 0.02909 0.24674 -0.54873 
ACA -0.13164 0.15949 -0.2202 -0.90854 
GTC -0.5348 -0.41117 0.12557 -0.080717 
CAA -0.15999 0.092755 -0.18213 -0.82264 
GAC -0.29992 -0.31226 -0.37851 -0.38733 
TGA -0.040565 -0.44788 0.20775 -0.48962 
TGT -0.19657 -0.53436 0.72583 -0.27757 
ACT -0.32482 0.0015418 0.17424 -0.58825 
TTG -0.19133 -0.49708 0.6353 -0.30934 
AGT -0.071309 -0.45565 0.22816 -0.45676 
AAC -0.11851 0.089717 -0.1463 -0.85868 
CAT -0.32625 0.059573 0.36168 -0.63055 
ATT -0.013132 -0.034702 0.7462 -0.86997 
GTT -0.21285 -0.48589 0.61065 -0.29859 
AAT 0.15328 -0.024827 0.38511 -1.028 
ATG 0.051989 -0.39692 0.25299 -0.62058 
ATC -0.31406 0.0029657 0.21623 -0.59803 
TTA 0.0099065 -0.034725 0.73659 -0.89449 
TAA 0.14619 0.018206 0.42048 -1.0652 
CTA -0.28886 0.065227 0.24957 -0.67118 
GAT 0.030107 -0.4446 0.21615 -0.55944 
TCG -0.6955 -0.43146 -0.091729 0.056645 
CGA -0.41682 -0.46408 -0.59256 -0.1919 
TAG -0.0066747 -0.33821 0.22342 -0.60897 
CGT -0.58949 -0.48086 0.062221 0.013536 
ACG -0.3873 -0.34108 -0.44795 -0.29248 
TAC -0.24244 0.15427 0.24675 -0.79136 
TAT 0.060007 -0.016229 0.85218 -0.96588 
ATA 0.20767 0.06261 0.43442 -1.1756 
GTA 0.038365 -0.3578 0.32561 -0.63763 
NNN 0.87507 -2.6649 1.1399 -0.014776 
